soma <- 2+2
